<?xml version="1.0" encoding="utf-8"?>
<COLLADA xmlns="http://www.collada.org/2005/11/COLLADASchema" version="1.4.1">
  <asset>
    <contributor>
      <author>Mixamo</author>
      <authoring_tool>COLLADA Mixamo exporter</authoring_tool>
      <comments/>
    </contributor>
    <created>2023-05-29T09:50:25Z</created>
    <modified>2023-05-29T09:50:25Z</modified>
    <revision/>
    <title/>
    <unit meter="0.010000"/>
    <up_axis>Y_UP</up_axis>
  </asset>
  <library_animations>
    <animation id="mixamorig8_Hips-anim" name="mixamorig8_Hips">
      <source id="mixamorig8_Hips-Matrix-animation-input">
        <float_array id="mixamorig8_Hips-Matrix-animation-input-array" count="29">

0.000000 0.033333 0.066667 0.100000 0.133333 0.166667 0.200000 0.233333 0.266667 0.300000 0.333333 0.366667 0.400000 0.433333 0.466667 0.500000
0.533333 0.566667 0.600000 0.633333 0.666667 0.700000 0.733333 0.766667 0.800000 0.833333 0.866667 0.900000 0.933333</float_array>
        <technique_common>
          <accessor source="#mixamorig8_Hips-Matrix-animation-input-array" count="29">
            <param name="TIME" type="float"/>
          </accessor>
        </technique_common>
      </source>
      <source id="mixamorig8_Hips-Matrix-animation-output-transform">
        <float_array id="mixamorig8_Hips-Matrix-animation-output-transform-array" count="464">

0.959522 0.005449 -0.281579 1.815301 -0.036678 0.993715 -0.105758 81.900002 0.279233 0.111805 0.953692 0.330364 0.000000 0.000000 0.000000 1.000000
0.959567 -0.011141 -0.281259 1.769900 -0.026934 0.990997 -0.131145 83.578293 0.280188 0.133418 0.950628 -0.524592 0.000000 0.000000 0.000000 1.000000
0.960824 -0.024771 -0.276051 1.639966 -0.020512 0.986912 -0.159952 85.752029 0.276400 0.159348 0.947740 -1.272466 0.000000 0.000000 0.000000 1.000000
0.963489 -0.035686 -0.265358 1.510645 -0.016164 0.981518 -0.190686 88.050262 0.267259 0.188013 0.945105 -1.827744 0.000000 0.000000 0.000000 1.000000
0.964382 -0.041428 -0.261249 1.468426 -0.015650 0.976993 -0.212698 89.848969 0.264050 0.209211 0.941546 -1.851048 0.000000 0.000000 0.000000 1.000000
0.960170 -0.040233 -0.276506 1.570858 -0.021490 0.976015 -0.216639 90.467392 0.278590 0.213952 0.936276 -1.191245 0.000000 0.000000 0.000000 1.000000
0.949325 -0.029085 -0.312947 1.759587 -0.032540 0.981262 -0.189909 90.160172 0.312607 0.190469 0.930591 -0.370430 0.000000 0.000000 0.000000 1.000000
0.943669 -0.026506 -0.329829 1.835279 -0.030814 0.985416 -0.167352 88.720299 0.329454 0.168088 0.929089 0.412287 0.000000 0.000000 0.000000 1.000000
0.949282 -0.024160 -0.313498 1.812335 -0.022758 0.989149 -0.145140 86.357498 0.313603 0.144914 0.938431 0.937090 0.000000 0.000000 0.000000 1.000000
0.958793 -0.028995 -0.282621 1.878843 -0.004605 0.993061 -0.117507 84.191315 0.284067 0.113967 0.952007 0.927250 0.000000 0.000000 0.000000 1.000000
0.960238 -0.039483 -0.276375 2.069458 0.014201 0.995575 -0.092887 82.457657 0.278820 0.085268 0.956550 0.796844 0.000000 0.000000 0.000000 1.000000
0.957328 -0.046858 -0.285178 2.298336 0.024525 0.996381 -0.081386 81.176323 0.287960 0.070919 0.955013 0.640509 0.000000 0.000000 0.000000 1.000000
0.959786 -0.048059 -0.276590 2.489899 0.028277 0.996777 -0.075072 80.599365 0.279307 0.064232 0.958051 0.241930 0.000000 0.000000 0.000000 1.000000
0.965654 -0.038588 -0.256952 2.579188 0.021552 0.997398 -0.068791 80.604065 0.258938 0.060891 0.963973 -0.177786 0.000000 0.000000 0.000000 1.000000
0.969797 -0.020806 -0.243025 2.564628 0.004713 0.997768 -0.066615 81.169167 0.243869 0.063457 0.967730 -0.543133 0.000000 0.000000 0.000000 1.000000
0.971364 -0.002258 -0.237585 2.519144 -0.014801 0.997438 -0.069994 82.269409 0.237134 0.071506 0.968842 -0.938163 0.000000 0.000000 0.000000 1.000000
0.970008 0.011713 -0.242791 2.526863 -0.031914 0.996329 -0.079436 83.645721 0.240969 0.084802 0.966821 -1.293615 0.000000 0.000000 0.000000 1.000000
0.965971 0.018951 -0.257957 2.661027 -0.045507 0.994207 -0.097370 85.173828 0.254617 0.105795 0.961237 -1.544786 0.000000 0.000000 0.000000 1.000000
0.961846 0.017211 -0.273048 2.914473 -0.051421 0.991606 -0.118635 86.575249 0.268714 0.128149 0.954657 -1.578671 0.000000 0.000000 0.000000 1.000000
0.959488 0.010878 -0.281541 3.065926 -0.049244 0.990348 -0.129557 87.538658 0.277414 0.138173 0.950763 -1.131650 0.000000 0.000000 0.000000 1.000000
0.958040 0.001451 -0.286630 3.037882 -0.040195 0.990786 -0.129333 87.879196 0.283801 0.135428 0.949271 -0.132518 0.000000 0.000000 0.000000 1.000000
0.958460 -0.010121 -0.285047 2.971738 -0.027932 0.991236 -0.129115 87.069069 0.283855 0.131714 0.949778 0.992268 0.000000 0.000000 0.000000 1.000000
0.960200 -0.008185 -0.279193 2.854263 -0.027480 0.991953 -0.123591 85.172958 0.277958 0.126344 0.952248 1.530019 0.000000 0.000000 0.000000 1.000000
0.957884 0.015327 -0.286746 2.695860 -0.045938 0.993893 -0.100334 83.552925 0.283457 0.109281 0.952738 1.597754 0.000000 0.000000 0.000000 1.000000
0.955635 0.028121 -0.293207 2.485681 -0.053094 0.995573 -0.077564 82.190567 0.289728 0.089690 0.952897 1.771571 0.000000 0.000000 0.000000 1.000000
0.955862 0.027359 -0.292541 2.159202 -0.052316 0.995593 -0.077831 81.226776 0.289122 0.089700 0.953080 1.723012 0.000000 0.000000 0.000000 1.000000
0.956011 0.026790 -0.292105 1.819914 -0.053509 0.995039 -0.083867 81.117622 0.288409 0.095808 0.952702 1.281835 0.000000 0.000000 0.000000 1.000000
0.956556 0.022041 -0.290715 1.635597 -0.050089 0.994736 -0.089392 81.354301 0.287215 0.100070 0.952625 0.810797 0.000000 0.000000 0.000000 1.000000
0.959069 0.006814 -0.283091 1.815561 -0.037770 0.993856 -0.104038 81.900688 0.280642 0.110472 0.953434 0.329423 0.000000 0.000000 0.000000 1.000000</float_array>
        <technique_common>
          <accessor source="#mixamorig8_Hips-Matrix-animation-output-transform-array" count="29" stride="16">
            <param type="float4x4"/>
          </accessor>
        </technique_common>
      </source>
      <source id="mixamorig8_Hips-Interpolations">
        <Name_array id="mixamorig8_Hips-Interpolations-array" count="29">
 LINEAR LINEAR LINEAR LINEAR LINEAR LINEAR LINEAR LINEAR LINEAR LINEAR LINEAR
LINEAR LINEAR LINEAR LINEAR LINEAR LINEAR LINEAR LINEAR LINEAR LINEAR LINEAR LINEAR
LINEAR LINEAR LINEAR LINEAR LINEAR LINEAR</Name_array>
        <technique_common>
          <accessor source="#mixamorig8_Hips-Interpolations-array" count="29">
            <param type="name"/>
          </accessor>
        </technique_common>
      </source>
      <sampler id="mixamorig8_Hips-Matrix-animation-transform">
        <input semantic="INPUT" source="#mixamorig8_Hips-Matrix-animation-input"/>
        <input semantic="OUTPUT" source="#mixamorig8_Hips-Matrix-animation-output-transform"/>
        <input semantic="INTERPOLATION" source="#mixamorig8_Hips-Interpolations"/>
      </sampler>
      <channel source="#mixamorig8_Hips-Matrix-animation-transform" target="mixamorig8_Hips/matrix"/>
    </animation>
    <animation id="mixamorig8_Spine-anim" name="mixamorig8_Spine">
      <source id="mixamorig8_Spine-Matrix-animation-input">
        <float_array id="mixamorig8_Spine-Matrix-animation-input-array" count="29">

0.000000 0.033333 0.066667 0.100000 0.133333 0.166667 0.200000 0.233333 0.266667 0.300000 0.333333 0.366667 0.400000 0.433333 0.466667 0.500000
0.533333 0.566667 0.600000 0.633333 0.666667 0.700000 0.733333 0.766667 0.800000 0.833333 0.866667 0.900000 0.933333</float_array>
        <technique_common>
          <accessor source="#mixamorig8_Spine-Matrix-animation-input-array" count="29">
            <param name="TIME" type="float"/>
          </accessor>
        </technique_common>
      </source>
      <source id="mixamorig8_Spine-Matrix-animation-output-transform">
        <float_array id="mixamorig8_Spine-Matrix-animation-output-transform-array" count="464">

0.998321 -0.038218 -0.043537 -0.000000 0.036439 0.998497 -0.040947 10.422600 0.045036 0.039292 0.998212 -1.061300 0.000000 0.000000 0.000000 1.000000
0.998659 -0.027871 -0.043638 0.000000 0.026424 0.999093 -0.033393 10.422600 0.044529 0.032195 0.998489 -1.061300 0.000000 0.000000 0.000000 1.000000
0.998621 -0.017614 -0.049450 -0.000000 0.016370 0.999542 -0.025439 10.422600 0.049876 0.024594 0.998453 -1.061300 0.000000 0.000000 0.000000 1.000000
0.998503 -0.008173 -0.054084 0.000000 0.007334 0.999850 -0.015684 10.422600 0.054204 0.015264 0.998413 -1.061300 0.000000 0.000000 0.000000 1.000000
0.998577 -0.003581 -0.053209 0.000000 0.003309 0.999981 -0.005211 10.422600 0.053227 0.005028 0.998570 -1.061300 0.000000 0.000000 0.000000 1.000000
0.998999 -0.003138 -0.044614 -0.000000 0.003274 0.999990 0.002976 10.422600 0.044604 -0.003119 0.999000 -1.061300 0.000000 0.000000 0.000000 1.000000
0.998639 -0.011110 -0.050949 -0.000000 0.011536 0.999901 0.008074 10.422600 0.050854 -0.008651 0.998669 -1.061300 0.000000 0.000000 0.000000 1.000000
0.997921 -0.004061 -0.064327 -0.000000 0.004868 0.999911 0.012405 10.422600 0.064271 -0.012693 0.997852 -1.061300 0.000000 0.000000 0.000000 1.000000
0.996124 0.006140 -0.087741 -0.000000 -0.005329 0.999941 0.009475 10.422600 0.087794 -0.008970 0.996098 -1.061300 0.000000 0.000000 0.000000 1.000000
0.994022 0.022170 -0.106907 0.000000 -0.023260 0.999689 -0.008956 10.422600 0.106675 0.011389 0.994229 -1.061300 0.000000 0.000000 0.000000 1.000000
0.994067 0.035225 -0.102907 -0.000000 -0.037901 0.998989 -0.024165 10.422600 0.101952 0.027922 0.994397 -1.061300 0.000000 0.000000 0.000000 1.000000
0.995009 0.038411 -0.092097 -0.000000 -0.041139 0.998764 -0.027906 10.422600 0.090912 0.031556 0.995359 -1.061300 0.000000 0.000000 0.000000 1.000000
0.994955 0.033897 -0.094426 0.000000 -0.037323 0.998699 -0.034751 10.422600 0.093125 0.038100 0.994925 -1.061300 0.000000 0.000000 0.000000 1.000000
0.994409 0.021301 -0.103427 -0.000000 -0.025911 0.998720 -0.043437 10.422600 0.102369 0.045874 0.993688 -1.061300 0.000000 0.000000 0.000000 1.000000
0.994066 0.004119 -0.108699 -0.000000 -0.009511 0.998747 -0.049133 10.422600 0.108361 0.049875 0.992860 -1.061300 0.000000 0.000000 0.000000 1.000000
0.994140 -0.011632 -0.107476 0.000000 0.005927 0.998564 -0.053246 10.422600 0.107941 0.052297 0.992781 -1.061300 0.000000 0.000000 0.000000 1.000000
0.994433 -0.024346 -0.102524 0.000000 0.019157 0.998499 -0.051303 10.422600 0.103619 0.049053 0.993407 -1.061300 0.000000 0.000000 0.000000 1.000000
0.994483 -0.036298 -0.098415 -0.000000 0.032439 0.998651 -0.040534 10.422600 0.099754 0.037118 0.994320 -1.061300 0.000000 0.000000 0.000000 1.000000
0.994628 -0.041548 -0.094805 0.000000 0.038758 0.998765 -0.031085 10.422600 0.095979 0.027244 0.995010 -1.061300 0.000000 0.000000 0.000000 1.000000
0.994661 -0.038813 -0.095618 0.000000 0.036465 0.998992 -0.026178 10.422600 0.096538 0.022551 0.995074 -1.061300 0.000000 0.000000 0.000000 1.000000
0.994510 -0.032410 -0.099495 -0.000000 0.030254 0.999275 -0.023100 10.422600 0.100171 0.019963 0.994770 -1.061300 0.000000 0.000000 0.000000 1.000000
0.994199 -0.029937 -0.103308 -0.000000 0.028168 0.999431 -0.018545 10.422600 0.103805 0.015528 0.994477 -1.061300 0.000000 0.000000 0.000000 1.000000
0.993637 -0.038523 -0.105836 -0.000000 0.036294 0.999078 -0.022912 10.422600 0.106621 0.018925 0.994120 -1.061300 0.000000 0.000000 0.000000 1.000000
0.993737 -0.056241 -0.096554 0.000000 0.051721 0.997474 -0.048694 10.422600 0.099049 0.043395 0.994136 -1.061300 0.000000 0.000000 0.000000 1.000000
0.994333 -0.060536 -0.087391 0.000000 0.055125 0.996487 -0.063053 10.422600 0.090901 0.057878 0.994177 -1.061300 0.000000 0.000000 0.000000 1.000000
0.995363 -0.057000 -0.077485 -0.000000 0.052864 0.997118 -0.054413 10.422600 0.080363 0.050065 0.995508 -1.061300 0.000000 0.000000 0.000000 1.000000
0.996505 -0.053605 -0.064058 -0.000000 0.050451 0.997480 -0.049880 10.422600 0.066570 0.046474 0.996699 -1.061300 0.000000 0.000000 0.000000 1.000000
0.997469 -0.048442 -0.052040 -0.000000 0.045947 0.997784 -0.048116 10.422600 0.054256 0.045603 0.997485 -1.061300 0.000000 0.000000 0.000000 1.000000
0.998304 -0.038886 -0.043336 0.000000 0.037086 0.998447 -0.041574 10.422600 0.044885 0.039896 0.998195 -1.061300 0.000000 0.000000 0.000000 1.000000</float_array>
        <technique_common>
          <accessor source="#mixamorig8_Spine-Matrix-animation-output-transform-array" count="29" stride="16">
            <param type="float4x4"/>
          </accessor>
        </technique_common>
      </source>
      <source id="mixamorig8_Spine-Interpolations">
        <Name_array id="mixamorig8_Spine-Interpolations-array" count="29">
 LINEAR LINEAR LINEAR LINEAR LINEAR LINEAR LINEAR LINEAR LINEAR LINEAR LINEAR
LINEAR LINEAR LINEAR LINEAR LINEAR LINEAR LINEAR LINEAR LINEAR LINEAR LINEAR LINEAR
LINEAR LINEAR LINEAR LINEAR LINEAR LINEAR</Name_array>
        <technique_common>
          <accessor source="#mixamorig8_Spine-Interpolations-array" count="29">
            <param type="name"/>
          </accessor>
        </technique_common>
      </source>
      <sampler id="mixamorig8_Spine-Matrix-animation-transform">
        <input semantic="INPUT" source="#mixamorig8_Spine-Matrix-animation-input"/>
        <input semantic="OUTPUT" source="#mixamorig8_Spine-Matrix-animation-output-transform"/>
        <input semantic="INTERPOLATION" source="#mixamorig8_Spine-Interpolations"/>
      </sampler>
      <channel source="#mixamorig8_Spine-Matrix-animation-transform" target="mixamorig8_Spine/matrix"/>
    </animation>
    <animation id="mixamorig8_Spine1-anim" name="mixamorig8_Spine1">
      <source id="mixamorig8_Spine1-Matrix-animation-input">
        <float_array id="mixamorig8_Spine1-Matrix-animation-input-array" count="29">

0.000000 0.033333 0.066667 0.100000 0.133333 0.166667 0.200000 0.233333 0.266667 0.300000 0.333333 0.366667 0.400000 0.433333 0.466667 0.500000
0.533333 0.566667 0.600000 0.633333 0.666667 0.700000 0.733333 0.766667 0.800000 0.833333 0.866667 0.900000 0.933333</float_array>
        <technique_common>
          <accessor source="#mixamorig8_Spine1-Matrix-animation-input-array" count="29">
            <param name="TIME" type="float"/>
          </accessor>
        </technique_common>
      </source>
      <source id="mixamorig8_Spine1-Matrix-animation-output-transform">
        <float_array id="mixamorig8_Spine1-Matrix-animation-output-transform-array" count="464">

0.999917 -0.002033 -0.012713 0.000000 0.001404 0.998783 -0.049301 12.222600 0.012797 0.049279 0.998703 0.000000 0.000000 0.000000 0.000000 1.000000
0.999917 -0.001654 -0.012741 0.000000 0.001070 0.998956 -0.045666 12.222600 0.012804 0.045648 0.998876 0.000000 0.000000 0.000000 0.000000 1.000000
0.999897 -0.001633 -0.014266 -0.000000 0.001020 0.999081 -0.042860 12.222600 0.014322 0.042841 0.998979 0.000000 0.000000 0.000000 0.000000 1.000000
0.999887 -0.000061 -0.015065 0.000000 -0.000507 0.999290 -0.037686 12.222600 0.015056 0.037689 0.999176 0.000000 0.000000 0.000000 0.000000 1.000000
0.999898 0.001625 -0.014203 -0.000000 -0.002097 0.999443 -0.033307 12.222600 0.014140 0.033334 0.999344 -0.000000 0.000000 0.000000 0.000000 1.000000
0.999935 0.002414 -0.011133 -0.000000 -0.002795 0.999408 -0.034304 12.222600 0.011044 0.034333 0.999349 0.000000 0.000000 0.000000 0.000000 1.000000
0.999945 0.003608 -0.009872 0.000000 -0.003957 0.999361 -0.035527 12.222600 0.009738 0.035564 0.999320 0.000000 0.000000 0.000000 0.000000 1.000000
0.999913 0.007347 -0.010934 0.000000 -0.007736 0.999322 -0.035987 12.222600 0.010662 0.036068 0.999292 0.000000 0.000000 0.000000 0.000000 1.000000
0.999809 0.009970 -0.016787 0.000000 -0.010526 0.999388 -0.033361 12.222600 0.016444 0.033532 0.999302 0.000000 0.000000 0.000000 0.000000 1.000000
0.999652 0.015048 -0.021668 0.000000 -0.015791 0.999279 -0.034537 12.222600 0.021133 0.034867 0.999169 0.000000 0.000000 0.000000 0.000000 1.000000
0.999606 0.019702 -0.020013 0.000000 -0.020527 0.998911 -0.041901 12.222600 0.019165 0.042295 0.998921 0.000000 0.000000 0.000000 0.000000 1.000000
0.999638 0.020367 -0.017589 -0.000000 -0.021173 0.998675 -0.046894 12.222600 0.016610 0.047250 0.998745 0.000000 0.000000 0.000000 0.000000 1.000000
0.999656 0.016511 -0.020361 0.000000 -0.017520 0.998574 -0.050432 12.222600 0.019500 0.050771 0.998520 0.000000 0.000000 0.000000 0.000000 1.000000
0.999615 0.010496 -0.025678 -0.000000 -0.011892 0.998425 -0.054823 12.222600 0.025062 0.055107 0.998166 -0.000000 0.000000 0.000000 0.000000 1.000000
0.999545 0.004340 -0.029863 0.000000 -0.006085 0.998263 -0.058594 12.222600 0.029557 0.058749 0.997835 0.000000 0.000000 0.000000 0.000000 1.000000
0.999496 -0.000370 -0.031727 -0.000000 -0.001610 0.998053 -0.062349 12.222600 0.031689 0.062369 0.997550 0.000000 0.000000 0.000000 0.000000 1.000000
0.999473 -0.004532 -0.032140 -0.000000 0.002544 0.998095 -0.061642 12.222600 0.032358 0.061527 0.997581 0.000000 0.000000 0.000000 0.000000 1.000000
0.999413 -0.010097 -0.032736 -0.000000 0.008281 0.998443 -0.055160 12.222600 0.033242 0.054857 0.997941 -0.000000 0.000000 0.000000 0.000000 1.000000
0.999374 -0.013430 -0.032737 0.000000 0.011688 0.998535 -0.052840 12.222600 0.033399 0.052424 0.998066 -0.000000 0.000000 0.000000 0.000000 1.000000
0.999391 -0.013234 -0.032291 0.000000 0.011500 0.998511 -0.053330 12.222600 0.032948 0.052926 0.998055 -0.000000 0.000000 0.000000 0.000000 1.000000
0.999445 -0.008843 -0.032106 -0.000000 0.007087 0.998493 -0.054411 12.222600 0.032539 0.054153 0.998002 -0.000000 0.000000 0.000000 0.000000 1.000000
0.999474 -0.001891 -0.032368 0.000000 0.000053 0.998391 -0.056699 12.222600 0.032423 0.056668 0.997866 0.000000 0.000000 0.000000 0.000000 1.000000
0.999508 0.001265 -0.031328 -0.000000 -0.002995 0.998468 -0.055243 12.222600 0.031210 0.055310 0.997981 -0.000000 0.000000 0.000000 0.000000 1.000000
0.999604 -0.001085 -0.028136 0.000000 -0.000476 0.998463 -0.055421 12.222600 0.028153 0.055412 0.998067 -0.000000 0.000000 0.000000 0.000000 1.000000
0.999650 -0.004999 -0.025970 0.000000 0.003447 0.998226 -0.059442 12.222600 0.026221 0.059332 0.997894 0.000000 0.000000 0.000000 0.000000 1.000000
0.999710 -0.006453 -0.023186 0.000000 0.005062 0.998212 -0.059559 12.222600 0.023529 0.059424 0.997955 -0.000000 0.000000 0.000000 0.000000 1.000000
0.999804 -0.005181 -0.019111 -0.000000 0.004119 0.998466 -0.055207 12.222600 0.019368 0.055118 0.998292 0.000000 0.000000 0.000000 0.000000 1.000000
0.999876 -0.003233 -0.015434 0.000000 0.002426 0.998644 -0.052011 12.222600 0.015581 0.051967 0.998527 -0.000000 0.000000 0.000000 0.000000 1.000000
0.999916 -0.002059 -0.012830 0.000000 0.001414 0.998746 -0.050039 12.222600 0.012916 0.050017 0.998665 0.000000 0.000000 0.000000 0.000000 1.000000</float_array>
        <technique_common>
          <accessor source="#mixamorig8_Spine1-Matrix-animation-output-transform-array" count="29" stride="16">
            <param type="float4x4"/>
          </accessor>
        </technique_common>
      </source>
      <source id="mixamorig8_Spine1-Interpolations">
        <Name_array id="mixamorig8_Spine1-Interpolations-array" count="29">
 LINEAR LINEAR LINEAR LINEAR LINEAR LINEAR LINEAR LINEAR LINEAR LINEAR LINEAR
LINEAR LINEAR LINEAR LINEAR LINEAR LINEAR LINEAR LINEAR LINEAR LINEAR LINEAR LINEAR
LINEAR LINEAR LINEAR LINEAR LINEAR LINEAR</Name_array>
        <technique_common>
          <accessor source="#mixamorig8_Spine1-Interpolations-array" count="29">
            <param type="name"/>
          </accessor>
        </technique_common>
      </source>
      <sampler id="mixamorig8_Spine1-Matrix-animation-transform">
        <input semantic="INPUT" source="#mixamorig8_Spine1-Matrix-animation-input"/>
        <input semantic="OUTPUT" source="#mixamorig8_Spine1-Matrix-animation-output-transform"/>
        <input semantic="INTERPOLATION" source="#mixamorig8_Spine1-Interpolations"/>
      </sampler>
      <channel source="#mixamorig8_Spine1-Matrix-animation-transform" target="mixamorig8_Spine1/matrix"/>
    </animation>
    <animation id="mixamorig8_Spine2-anim" name="mixamorig8_Spine2">
      <source id="mixamorig8_Spine2-Matrix-animation-input">
        <float_array id="mixamorig8_Spine2-Matrix-animation-input-array" count="29">

0.000000 0.033333 0.066667 0.100000 0.133333 0.166667 0.200000 0.233333 0.266667 0.300000 0.333333 0.366667 0.400000 0.433333 0.466667 0.500000
0.533333 0.566667 0.600000 0.633333 0.666667 0.700000 0.733333 0.766667 0.800000 0.833333 0.866667 0.900000 0.933333</float_array>
        <technique_common>
          <accessor source="#mixamorig8_Spine2-Matrix-animation-input-array" count="29">
            <param name="TIME" type="float"/>
          </accessor>
        </technique_common>
      </source>
      <source id="mixamorig8_Spine2-Matrix-animation-output-transform">
        <float_array id="mixamorig8_Spine2-Matrix-animation-output-transform-array" count="464">

0.999915 -0.001953 -0.012875 -0.000000 0.001316 0.998786 -0.049243 13.968700 0.012956 0.049222 0.998704 0.000000 0.000000 0.000000 0.000000 1.000000
0.999916 -0.001590 -0.012894 0.000000 0.001000 0.998958 -0.045618 13.968700 0.012953 0.045601 0.998876 -0.000000 0.000000 0.000000 0.000000 1.000000
0.999895 -0.001576 -0.014419 0.000000 0.000957 0.999082 -0.042825 13.968700 0.014473 0.042807 0.998979 -0.000000 0.000000 0.000000 0.000000 1.000000
0.999884 -0.000019 -0.015244 0.000000 -0.000555 0.999290 -0.037661 13.968700 0.015233 0.037665 0.999174 0.000000 0.000000 0.000000 0.000000 1.000000
0.999895 0.001663 -0.014415 -0.000000 -0.002142 0.999443 -0.033292 13.968700 0.014351 0.033320 0.999342 -0.000000 0.000000 0.000000 0.000000 1.000000
0.999932 0.002488 -0.011398 -0.000000 -0.002878 0.999408 -0.034289 13.968700 0.011306 0.034320 0.999347 0.000000 0.000000 0.000000 0.000000 1.000000
0.999939 0.003510 -0.010427 0.000000 -0.003877 0.999365 -0.035418 13.968700 0.010296 0.035457 0.999318 0.000000 0.000000 0.000000 0.000000 1.000000
0.999902 0.007193 -0.012051 0.000000 -0.007621 0.999328 -0.035851 13.968700 0.011785 0.035940 0.999284 -0.000000 0.000000 0.000000 0.000000 1.000000
0.999789 0.009726 -0.018072 0.000000 -0.010322 0.999396 -0.033185 13.968700 0.017738 0.033365 0.999286 -0.000000 0.000000 0.000000 0.000000 1.000000
0.999628 0.014677 -0.022973 0.000000 -0.015460 0.999292 -0.034311 13.968700 0.022453 0.034654 0.999147 0.000000 0.000000 0.000000 0.000000 1.000000
0.999586 0.019329 -0.021327 0.000000 -0.020204 0.998930 -0.041612 13.968700 0.020500 0.042026 0.998906 0.000000 0.000000 0.000000 0.000000 1.000000
0.999622 0.020043 -0.018823 -0.000000 -0.020901 0.998696 -0.046587 13.968700 0.017865 0.046963 0.998737 0.000000 0.000000 0.000000 0.000000 1.000000
0.999640 0.016234 -0.021365 -0.000000 -0.017289 0.998593 -0.050138 13.968700 0.020521 0.050489 0.998514 0.000000 0.000000 0.000000 0.000000 1.000000
0.999599 0.010284 -0.026368 0.000000 -0.011711 0.998443 -0.054536 13.968700 0.025766 0.054823 0.998164 0.000000 0.000000 0.000000 0.000000 1.000000
0.999534 0.004216 -0.030242 -0.000000 -0.005975 0.998280 -0.058316 13.968700 0.029944 0.058470 0.997840 0.000000 0.000000 0.000000 0.000000 1.000000
0.999491 -0.000366 -0.031905 -0.000000 -0.001617 0.998068 -0.062104 13.968700 0.031866 0.062124 0.997560 0.000000 0.000000 0.000000 0.000000 1.000000
0.999471 -0.004438 -0.032221 0.000000 0.002451 0.998107 -0.061454 13.968700 0.032433 0.061343 0.997590 0.000000 0.000000 0.000000 0.000000 1.000000
0.999415 -0.010004 -0.032691 0.000000 0.008194 0.998450 -0.055046 13.968700 0.033191 0.054746 0.997949 0.000000 0.000000 0.000000 0.000000 1.000000
0.999380 -0.013309 -0.032583 -0.000000 0.011578 0.998541 -0.052740 13.968700 0.033237 0.052330 0.998077 -0.000000 0.000000 0.000000 0.000000 1.000000
0.999396 -0.013075 -0.032192 0.000000 0.011350 0.998518 -0.053222 13.968700 0.032840 0.052825 0.998064 0.000000 0.000000 0.000000 0.000000 1.000000
0.999444 -0.008602 -0.032218 0.000000 0.006844 0.998502 -0.054286 13.968700 0.032637 0.054036 0.998006 0.000000 0.000000 0.000000 0.000000 1.000000
0.999465 -0.001475 -0.032685 0.000000 -0.000375 0.998401 -0.056525 13.968700 0.032716 0.056507 0.997866 0.000000 0.000000 0.000000 0.000000 1.000000
0.999494 0.001667 -0.031752 -0.000000 -0.003413 0.998479 -0.055031 13.968700 0.031612 0.055111 0.997980 0.000000 0.000000 0.000000 0.000000 1.000000
0.999591 -0.000854 -0.028596 0.000000 -0.000727 0.998474 -0.055212 13.968700 0.028600 0.055210 0.998065 0.000000 0.000000 0.000000 0.000000 1.000000
0.999641 -0.004799 -0.026359 0.000000 0.003229 0.998235 -0.059293 13.968700 0.026597 0.059187 0.997893 -0.000000 0.000000 0.000000 0.000000 1.000000
0.999705 -0.006224 -0.023466 0.000000 0.004819 0.998219 -0.059467 13.968700 0.023794 0.059336 0.997954 0.000000 0.000000 0.000000 0.000000 1.000000
0.999801 -0.005018 -0.019328 -0.000000 0.003946 0.998471 -0.055134 13.968700 0.019575 0.055047 0.998292 0.000000 0.000000 0.000000 0.000000 1.000000
0.999873 -0.003128 -0.015627 -0.000000 0.002312 0.998647 -0.051946 13.968700 0.015768 0.051904 0.998528 -0.000000 0.000000 0.000000 0.000000 1.000000
0.999913 -0.001981 -0.013013 0.000000 0.001328 0.998749 -0.049983 13.968700 0.013095 0.049962 0.998665 0.000000 0.000000 0.000000 0.000000 1.000000</float_array>
        <technique_common>
          <accessor source="#mixamorig8_Spine2-Matrix-animation-output-transform-array" count="29" stride="16">
            <param type="float4x4"/>
          </accessor>
        </technique_common>
      </source>
      <source id="mixamorig8_Spine2-Interpolations">
        <Name_array id="mixamorig8_Spine2-Interpolations-array" count="29">
 LINEAR LINEAR LINEAR LINEAR LINEAR LINEAR LINEAR LINEAR LINEAR LINEAR LINEAR
LINEAR LINEAR LINEAR LINEAR LINEAR LINEAR LINEAR LINEAR LINEAR LINEAR LINEAR LINEAR
LINEAR LINEAR LINEAR LINEAR LINEAR LINEAR</Name_array>
        <technique_common>
          <accessor source="#mixamorig8_Spine2-Interpolations-array" count="29">
            <param type="name"/>
          </accessor>
        </technique_common>
      </source>
      <sampler id="mixamorig8_Spine2-Matrix-animation-transform">
        <input semantic="INPUT" source="#mixamorig8_Spine2-Matrix-animation-input"/>
        <input semantic="OUTPUT" source="#mixamorig8_Spine2-Matrix-animation-output-transform"/>
        <input semantic="INTERPOLATION" source="#mixamorig8_Spine2-Interpolations"/>
      </sampler>
      <channel source="#mixamorig8_Spine2-Matrix-animation-transform" target="mixamorig8_Spine2/matrix"/>
    </animation>
    <animation id="mixamorig8_Neck-anim" name="mixamorig8_Neck">
      <source id="mixamorig8_Neck-Matrix-animation-input">
        <float_array id="mixamorig8_Neck-Matrix-animation-input-array" count="29">

0.000000 0.033333 0.066667 0.100000 0.133333 0.166667 0.200000 0.233333 0.266667 0.300000 0.333333 0.366667 0.400000 0.433333 0.466667 0.500000
0.533333 0.566667 0.600000 0.633333 0.666667 0.700000 0.733333 0.766667 0.800000 0.833333 0.866667 0.900000 0.933333</float_array>
        <technique_common>
          <accessor source="#mixamorig8_Neck-Matrix-animation-input-array" count="29">
            <param name="TIME" type="float"/>
          </accessor>
        </technique_common>
      </source>
      <source id="mixamorig8_Neck-Matrix-animation-output-transform">
        <float_array id="mixamorig8_Neck-Matrix-animation-output-transform-array" count="464">

0.998096 -0.031438 0.053068 0.000000 0.042343 0.974834 -0.218876 15.714800 -0.044852 0.220706 0.974308 -0.000000 0.000000 0.000000 0.000000 1.000000
0.998055 -0.022544 0.058119 0.000000 0.034977 0.974251 -0.222737 15.714800 -0.051601 0.224337 0.973144 0.000000 0.000000 0.000000 0.000000 1.000000
0.997895 -0.021059 0.061328 0.000000 0.034016 0.975216 -0.218625 15.714800 -0.055204 0.220251 0.973880 0.000000 0.000000 0.000000 0.000000 1.000000
0.997692 -0.031356 0.060221 -0.000000 0.043551 0.976013 -0.213312 15.714800 -0.052088 0.215443 0.975126 0.000000 0.000000 0.000000 0.000000 1.000000
0.997440 -0.043159 0.057017 -0.000000 0.054413 0.975414 -0.213556 15.714800 -0.046399 0.216112 0.975266 0.000000 0.000000 0.000000 0.000000 1.000000
0.997293 -0.050122 0.053798 -0.000000 0.061207 0.971338 -0.229686 15.714800 -0.040743 0.232357 0.971777 -0.000000 0.000000 0.000000 0.000000 1.000000
0.997077 -0.054458 0.053586 -0.000000 0.065431 0.970775 -0.230900 15.714800 -0.039445 0.233732 0.971501 0.000000 0.000000 0.000000 0.000000 1.000000
0.996797 -0.059298 0.053660 0.000000 0.069754 0.972842 -0.220709 15.714800 -0.039115 0.223745 0.973862 -0.000000 0.000000 0.000000 0.000000 1.000000
0.996420 -0.068065 0.050137 0.000000 0.076454 0.978631 -0.190882 15.714800 -0.036073 0.194032 0.980332 0.000000 0.000000 0.000000 0.000000 1.000000
0.995829 -0.080691 0.042581 0.000000 0.086500 0.983422 -0.159370 15.714800 -0.029015 0.162388 0.986300 0.000000 0.000000 0.000000 0.000000 1.000000
0.995732 -0.084587 0.036911 0.000000 0.089071 0.985499 -0.144421 15.714800 -0.024160 0.147093 0.988828 -0.000000 0.000000 0.000000 0.000000 1.000000
0.996156 -0.079417 0.036956 0.000000 0.083962 0.985941 -0.144467 15.714800 -0.024964 0.147015 0.988819 0.000000 0.000000 0.000000 0.000000 1.000000
0.996504 -0.073511 0.039710 -0.000000 0.078767 0.985072 -0.153065 15.714800 -0.027865 0.155658 0.987418 -0.000000 0.000000 0.000000 0.000000 1.000000
0.996607 -0.070377 0.042686 0.000000 0.076526 0.983213 -0.165638 15.714800 -0.030313 0.168343 0.985262 0.000000 0.000000 0.000000 0.000000 1.000000
0.996662 -0.067067 0.046552 0.000000 0.074404 0.980880 -0.179831 15.714800 -0.033601 0.182695 0.982595 0.000000 0.000000 0.000000 0.000000 1.000000
0.996684 -0.063863 0.050426 0.000000 0.072858 0.976353 -0.203533 15.714800 -0.036235 0.206532 0.977769 0.000000 0.000000 0.000000 0.000000 1.000000
0.997122 -0.051732 0.055412 0.000000 0.063076 0.971634 -0.227922 15.714800 -0.042049 0.230761 0.972101 0.000000 0.000000 0.000000 0.000000 1.000000
0.997701 -0.029166 0.061171 -0.000000 0.043177 0.969303 -0.242048 15.714800 -0.052233 0.244133 0.968334 -0.000000 0.000000 0.000000 0.000000 1.000000
0.997799 -0.020253 0.063135 0.000000 0.035309 0.968265 -0.247418 15.714800 -0.056121 0.249103 0.966850 0.000000 0.000000 0.000000 0.000000 1.000000
0.997746 -0.026803 0.061513 -0.000000 0.041008 0.969200 -0.242835 15.714800 -0.053109 0.244811 0.968115 -0.000000 0.000000 0.000000 0.000000 1.000000
0.997624 -0.034168 0.059824 -0.000000 0.046877 0.972996 -0.226012 15.714800 -0.050486 0.228279 0.972286 0.000000 0.000000 0.000000 0.000000 1.000000
0.997659 -0.036255 0.057981 -0.000000 0.047622 0.976839 -0.208611 15.714800 -0.049074 0.210884 0.976278 -0.000000 0.000000 0.000000 0.000000 1.000000
0.997784 -0.036054 0.055917 -0.000000 0.046633 0.978431 -0.201242 15.714800 -0.047455 0.203403 0.977944 0.000000 0.000000 0.000000 0.000000 1.000000
0.997877 -0.035544 0.054571 0.000000 0.045917 0.978207 -0.202489 15.714800 -0.046185 0.204565 0.977763 -0.000000 0.000000 0.000000 0.000000 1.000000
0.998110 -0.026895 0.055256 0.000000 0.037904 0.977171 -0.209047 15.714800 -0.048372 0.210747 0.976343 0.000000 0.000000 0.000000 0.000000 1.000000
0.998107 -0.025392 0.056014 -0.000000 0.036890 0.975933 -0.214929 15.714800 -0.049208 0.216589 0.975022 -0.000000 0.000000 0.000000 0.000000 1.000000
0.997934 -0.032180 0.055603 -0.000000 0.043626 0.974790 -0.218818 15.714800 -0.047160 0.220792 0.974180 -0.000000 0.000000 0.000000 0.000000 1.000000
0.997904 -0.036368 0.053520 0.000000 0.047321 0.974293 -0.220261 15.714800 -0.044134 0.222332 0.973972 0.000000 0.000000 0.000000 0.000000 1.000000
0.998084 -0.035531 0.050655 -0.000000 0.045743 0.975012 -0.217392 15.714800 -0.041665 0.219292 0.974769 0.000000 0.000000 0.000000 0.000000 1.000000</float_array>
        <technique_common>
          <accessor source="#mixamorig8_Neck-Matrix-animation-output-transform-array" count="29" stride="16">
            <param type="float4x4"/>
          </accessor>
        </technique_common>
      </source>
      <source id="mixamorig8_Neck-Interpolations">
        <Name_array id="mixamorig8_Neck-Interpolations-array" count="29">
 LINEAR LINEAR LINEAR LINEAR LINEAR LINEAR LINEAR LINEAR LINEAR LINEAR LINEAR
LINEAR LINEAR LINEAR LINEAR LINEAR LINEAR LINEAR LINEAR LINEAR LINEAR LINEAR LINEAR
LINEAR LINEAR LINEAR LINEAR LINEAR LINEAR</Name_array>
        <technique_common>
          <accessor source="#mixamorig8_Neck-Interpolations-array" count="29">
            <param type="name"/>
          </accessor>
        </technique_common>
      </source>
      <sampler id="mixamorig8_Neck-Matrix-animation-transform">
        <input semantic="INPUT" source="#mixamorig8_Neck-Matrix-animation-input"/>
        <input semantic="OUTPUT" source="#mixamorig8_Neck-Matrix-animation-output-transform"/>
        <input semantic="INTERPOLATION" source="#mixamorig8_Neck-Interpolations"/>
      </sampler>
      <channel source="#mixamorig8_Neck-Matrix-animation-transform" target="mixamorig8_Neck/matrix"/>
    </animation>
    <animation id="mixamorig8_Head-anim" name="mixamorig8_Head">
      <source id="mixamorig8_Head-Matrix-animation-input">
        <float_array id="mixamorig8_Head-Matrix-animation-input-array" count="29">

0.000000 0.033333 0.066667 0.100000 0.133333 0.166667 0.200000 0.233333 0.266667 0.300000 0.333333 0.366667 0.400000 0.433333 0.466667 0.500000
0.533333 0.566667 0.600000 0.633333 0.666667 0.700000 0.733333 0.766667 0.800000 0.833333 0.866667 0.900000 0.933333</float_array>
        <technique_common>
          <accessor source="#mixamorig8_Head-Matrix-animation-input-array" count="29">
            <param name="TIME" type="float"/>
          </accessor>
        </technique_common>
      </source>
      <source id="mixamorig8_Head-Matrix-animation-output-transform">
        <float_array id="mixamorig8_Head-Matrix-animation-output-transform-array" count="464">

0.998096 -0.031438 0.053068 0.000000 0.037581 0.992177 -0.119048 6.974500 -0.048911 0.120816 0.991469 2.478000 0.000000 0.000000 0.000000 1.000000
0.998051 -0.022580 0.058182 0.000000 0.029612 0.991966 -0.122992 6.974500 -0.054938 0.124475 0.990701 2.478000 0.000000 0.000000 0.000000 1.000000
0.997879 -0.021186 0.061552 0.000000 0.028530 0.992243 -0.120996 6.974500 -0.058511 0.122495 0.990743 2.478000 0.000000 0.000000 0.000000 1.000000
0.997658 -0.031607 0.060661 0.000000 0.038488 0.992520 -0.115858 6.974500 -0.056546 0.117922 0.991412 2.478000 0.000000 0.000000 0.000000 1.000000
0.997385 -0.043540 0.057686 0.000000 0.049834 0.992389 -0.112605 6.974500 -0.052344 0.115185 0.991964 2.478000 0.000000 0.000000 0.000000 1.000000
0.997221 -0.050617 0.054667 -0.000000 0.056551 0.991971 -0.113119 6.974500 -0.048502 0.115896 0.992076 2.478000 0.000000 0.000000 0.000000 1.000000
0.996602 -0.061989 0.054231 0.000000 0.067771 0.991368 -0.112236 6.974500 -0.046806 0.115530 0.992201 2.478000 0.000000 0.000000 0.000000 1.000000
0.995660 -0.077352 0.051756 0.000000 0.082283 0.991466 -0.101119 6.974500 -0.043492 0.104938 0.993527 2.478000 0.000000 0.000000 0.000000 1.000000
0.995425 -0.080545 0.051393 0.000000 0.085511 0.990984 -0.103143 6.974500 -0.042622 0.107065 0.993338 2.478000 0.000000 0.000000 0.000000 1.000000
0.995359 -0.082577 0.049420 0.000000 0.087714 0.989732 -0.112860 6.974500 -0.039593 0.116671 0.992381 2.478000 0.000000 0.000000 0.000000 1.000000
0.995782 -0.077641 0.048879 -0.000000 0.083223 0.988656 -0.125030 6.974500 -0.038617 0.128571 0.990948 2.478000 0.000000 0.000000 0.000000 1.000000
0.996458 -0.066810 0.051076 0.000000 0.073060 0.988508 -0.132338 6.974500 -0.041648 0.135600 0.989888 2.478000 0.000000 0.000000 0.000000 1.000000
0.996922 -0.056869 0.053965 0.000000 0.063686 0.988876 -0.134422 6.974500 -0.045720 0.137445 0.989454 2.478000 0.000000 0.000000 0.000000 1.000000
0.997145 -0.050057 0.056529 0.000000 0.057329 0.989137 -0.135355 6.974500 -0.049139 0.138209 0.989183 2.478000 0.000000 0.000000 0.000000 1.000000
0.997239 -0.045277 0.058854 0.000000 0.052824 0.989609 -0.133731 6.974500 -0.052188 0.136471 0.989268 2.478000 0.000000 0.000000 0.000000 1.000000
0.997178 -0.045667 0.059590 -0.000000 0.053068 0.990199 -0.129187 6.974500 -0.053107 0.131985 0.989828 2.478000 0.000000 0.000000 0.000000 1.000000
0.997351 -0.041304 0.059873 0.000000 0.049006 0.989839 -0.133481 6.974500 -0.053751 0.136061 0.989241 2.478000 0.000000 0.000000 0.000000 1.000000
0.997758 -0.025540 0.061858 0.000000 0.034342 0.988734 -0.145687 6.974500 -0.057440 0.147485 0.987395 2.478000 0.000000 0.000000 0.000000 1.000000
0.997865 -0.019733 0.062256 0.000000 0.028358 0.989623 -0.140866 6.974500 -0.058830 0.142330 0.988069 2.478000 0.000000 0.000000 0.000000 1.000000
0.997788 -0.026490 0.060975 0.000000 0.034194 0.991057 -0.128983 6.974500 -0.057013 0.130783 0.989770 2.478000 0.000000 0.000000 0.000000 1.000000
0.997602 -0.034284 0.060130 0.000000 0.041345 0.991860 -0.120433 6.974500 -0.055511 0.122630 0.990899 2.478000 0.000000 0.000000 0.000000 1.000000
0.997587 -0.036701 0.058929 0.000000 0.042942 0.993182 -0.108381 6.974500 -0.054549 0.110650 0.992361 2.478000 0.000000 0.000000 0.000000 1.000000
0.997695 -0.036638 0.057124 0.000000 0.042274 0.994007 -0.100815 6.974500 -0.053088 0.102998 0.993264 2.478000 0.000000 0.000000 0.000000 1.000000
0.997791 -0.036117 0.055753 0.000000 0.041681 0.993902 -0.102084 6.974500 -0.051726 0.104183 0.993212 2.478000 0.000000 0.000000 0.000000 1.000000
0.998036 -0.027412 0.056334 0.000000 0.033428 0.993502 -0.108791 6.974500 -0.052986 0.110461 0.992467 2.478000 0.000000 0.000000 0.000000 1.000000
0.998039 -0.025860 0.057002 0.000000 0.032283 0.992864 -0.114800 6.974500 -0.053627 0.116416 0.991752 2.478000 0.000000 0.000000 0.000000 1.000000
0.997869 -0.032614 0.056505 -0.000000 0.039153 0.992150 -0.118770 6.974500 -0.052188 0.120729 0.991313 2.478000 0.000000 0.000000 0.000000 1.000000
0.997847 -0.036768 0.054314 0.000000 0.043091 0.991808 -0.120253 6.974500 -0.049448 0.122335 0.991256 2.478000 0.000000 0.000000 0.000000 1.000000
0.998038 -0.035873 0.051316 0.000000 0.041697 0.992214 -0.117353 6.974500 -0.046707 0.119263 0.991764 2.478000 0.000000 0.000000 0.000000 1.000000</float_array>
        <technique_common>
          <accessor source="#mixamorig8_Head-Matrix-animation-output-transform-array" count="29" stride="16">
            <param type="float4x4"/>
          </accessor>
        </technique_common>
      </source>
      <source id="mixamorig8_Head-Interpolations">
        <Name_array id="mixamorig8_Head-Interpolations-array" count="29">
 LINEAR LINEAR LINEAR LINEAR LINEAR LINEAR LINEAR LINEAR LINEAR LINEAR LINEAR
LINEAR LINEAR LINEAR LINEAR LINEAR LINEAR LINEAR LINEAR LINEAR LINEAR LINEAR LINEAR
LINEAR LINEAR LINEAR LINEAR LINEAR LINEAR</Name_array>
        <technique_common>
          <accessor source="#mixamorig8_Head-Interpolations-array" count="29">
            <param type="name"/>
          </accessor>
        </technique_common>
      </source>
      <sampler id="mixamorig8_Head-Matrix-animation-transform">
        <input semantic="INPUT" source="#mixamorig8_Head-Matrix-animation-input"/>
        <input semantic="OUTPUT" source="#mixamorig8_Head-Matrix-animation-output-transform"/>
        <input semantic="INTERPOLATION" source="#mixamorig8_Head-Interpolations"/>
      </sampler>
      <channel source="#mixamorig8_Head-Matrix-animation-transform" target="mixamorig8_Head/matrix"/>
    </animation>
    <animation id="mixamorig8_LeftShoulder-anim" name="mixamorig8_LeftShoulder">
      <source id="mixamorig8_LeftShoulder-Matrix-animation-input">
        <float_array id="mixamorig8_LeftShoulder-Matrix-animation-input-array" count="29">

0.000000 0.033333 0.066667 0.100000 0.133333 0.166667 0.200000 0.233333 0.266667 0.300000 0.333333 0.366667 0.400000 0.433333 0.466667 0.500000
0.533333 0.566667 0.600000 0.633333 0.666667 0.700000 0.733333 0.766667 0.800000 0.833333 0.866667 0.900000 0.933333</float_array>
        <technique_common>
          <accessor source="#mixamorig8_LeftShoulder-Matrix-animation-input-array" count="29">
            <param name="TIME" type="float"/>
          </accessor>
        </technique_common>
